{
  "cells": [
    {
      "cell_type": "markdown",
      "metadata": {
        "id": "view-in-github",
        "colab_type": "text"
      },
      "source": [
        "<a href=\"https://colab.research.google.com/github/mateuszrajca69/Chess/blob/master/Kurier_praca_inz_FINAL.ipynb\" target=\"_parent\"><img src=\"https://colab.research.google.com/assets/colab-badge.svg\" alt=\"Open In Colab\"/></a>"
      ]
    },
    {
      "cell_type": "code",
      "execution_count": null,
      "metadata": {
        "id": "dKghonBn8Nvs",
        "outputId": "1608aa81-cc41-4f9c-9e8e-7187f53b179a"
      },
      "outputs": [
        {
          "name": "stdout",
          "output_type": "stream",
          "text": [
            "Requirement already satisfied: tsp in c:\\users\\cardi\\anaconda3\\lib\\site-packages (0.0.9)\n",
            "Requirement already satisfied: pandas<2.0.0,>=1.1.4 in c:\\users\\cardi\\anaconda3\\lib\\site-packages (from tsp) (1.3.4)\n",
            "Requirement already satisfied: more-itertools<9.0.0,>=8.6.0 in c:\\users\\cardi\\anaconda3\\lib\\site-packages (from tsp) (8.11.0)\n",
            "Requirement already satisfied: PuLP<3.0.0,>=2.3.1 in c:\\users\\cardi\\anaconda3\\lib\\site-packages (from tsp) (2.5.1)\n",
            "Requirement already satisfied: numpy>=1.17.3; platform_machine != \"aarch64\" and platform_machine != \"arm64\" and python_version < \"3.10\" in c:\\users\\cardi\\anaconda3\\lib\\site-packages (from pandas<2.0.0,>=1.1.4->tsp) (1.19.5)\n",
            "Requirement already satisfied: pytz>=2017.3 in c:\\users\\cardi\\anaconda3\\lib\\site-packages (from pandas<2.0.0,>=1.1.4->tsp) (2019.3)\n",
            "Requirement already satisfied: python-dateutil>=2.7.3 in c:\\users\\cardi\\anaconda3\\lib\\site-packages (from pandas<2.0.0,>=1.1.4->tsp) (2.8.1)\n",
            "Requirement already satisfied: six>=1.5 in c:\\users\\cardi\\anaconda3\\lib\\site-packages (from python-dateutil>=2.7.3->pandas<2.0.0,>=1.1.4->tsp) (1.15.0)\n"
          ]
        }
      ],
      "source": [
        "!pip install tsp"
      ]
    },
    {
      "cell_type": "code",
      "execution_count": null,
      "metadata": {
        "id": "VbkdafGX8Nvw"
      },
      "outputs": [],
      "source": [
        "import tsp\n",
        "import numpy as np\n",
        "import matplotlib.pyplot as plt\n",
        "import time"
      ]
    },
    {
      "cell_type": "code",
      "execution_count": null,
      "metadata": {
        "id": "lfbNhywk8Nvx"
      },
      "outputs": [],
      "source": [
        "\n",
        "#DANE\n",
        "#https://dateandtime.info/pl/citycoordinates.php?id=3094802\n",
        "#https://www.wspolrzedne-gps.pl"
      ]
    },
    {
      "cell_type": "code",
      "execution_count": null,
      "metadata": {
        "id": "ku56CBNd8Nvy"
      },
      "outputs": [],
      "source": [
        "all_cit=np.array([\n",
        "             [50.853865,20.608938],#Hotel Bińkowski\n",
        "             [50.875366,20.624609],#Hotel Qubus\n",
        "    [50.869045,20.627616],#Muzeum Narodowe w Kielcach\n",
        "    [50.894032,20.577591],#Park Rozrywki FlySky\n",
        "    [50.87033,20.62752],#Szkoła Podstawowa Nr 25\n",
        "    [50.883909,20.605892],#ZUS\n",
        "    [50.873259,20.618311],#Poczta Polska\n",
        "    [50.869286,20.614102],#Kościół Niepokalanego Serca NMP w Kielcach\n",
        "    [50.867662,20.61716],#Paczkomat InPost\n",
        "    [50.865725,20.624095],#Żłobek /Klub Malucha \"Radosna Kraina\"\n",
        "    [50.865091,20.626189],#MOSiR, Pływalnia Delfin\n",
        "    [50.863718,20.623781],#Uniwersytet Jana Kochanowskiego, Wydział Pedagogiki i Psychologii\n",
        "    [50.86042,20.627478],#I Liceum Ogólnokształcące im. Stefana Żeromskiego w Kielcach\n",
        "    [50.854364,20.616447],#Wojskowa Specjalistyczna Przychodnia Lekarska SPZOZ w Kielcach\n",
        "    [50.8428,20.613668],#Pensjonat Villa Romano\n",
        "    [50.831859,20.662217],#Centrum Przygotowań do Misji Zagranicznych w Kielcach\n",
        "    [50.83926,20.657629],#Wojewódzki Sztab Wojskowy w Kielcach\n",
        "    [50.842109,20.642066],#Telegraf Kielce\n",
        "    [50.833886,20.657233],#Leśna Sauna\n",
        "    [50.857751,20.653476],#Cygański Zamek przy Liroyu\n",
        "    [50.881285,20.6152],#Urząd Miasta Kielce Wydział Geodezji\n",
        "    [50.872329,20.615078],#Wytwórcza Spółdzielnia Pracy Społem Kielce\n",
        "    [50.860612,20.62492],#Korona Kielce\n",
        "    [50.8333,20.6667],#Wszechnica Świętokrzyska w Kielcach\n",
        "    [50.904139,20.639624],#Wyższa Szkoła Handlowa im. Bolesława Markowskiego\n",
        "    [50.911923,20.637494],#Areszt Śledczy w Kielcach\n",
        "    [50.897308,20.580053],#Parafia MB Częstochowskiej w Kielcach-Niewachlowie\n",
        "    [50.898911,20.586778],#Targi Kielce\n",
        "    [50.899369,20.597969],#Karczma Pod Strzechą\n",
        "    [50.885275,20.587875],#Parafia bł. Jerzego Matulewicza w Kielcach\n",
        "    [50.800681,20.61911],#Hotel Dyminy\n",
        "    [50.881134,20.646247],#Galeria Echo\n",
        "    [50.881125,20.639552],#ŚCITT Sp. z o.o. - Świętokrzyskie Centrum Innowacji i Transferu Technologii Sp. z o.o.\n",
        "    [50.885516,20.641972],#KebaR Kebab \n",
        "    [50.881285,20.6152],#Urząd Miasta Kielce Wydział Geodezji\n",
        "    [50.872329,20.615078],#Wytwórcza Spółdzielnia Pracy Społem Kielce\n",
        "    [50.860612,20.62492],#Korona Kielce\n",
        "    [50.871964,20.631833],#Maska Incognito Club\n",
        "    [50.8333,20.6667],#Świętokrzyski Oddział Wojewódzki NFZ\n",
        "    [50.869621,20.63462],#Kawiarnia Choco Obsession\n",
        "    [50.866663,20.635995],#Filharmonia Świętokrzyska im. Oskara Kolberga\n",
        "    \n",
        "    \n",
        "    \n",
        "    \n",
        "    \n",
        "    \n",
        "  \n",
        "            \n",
        "])\n",
        "\n",
        "n=len(all_cit)"
      ]
    },
    {
      "cell_type": "code",
      "execution_count": null,
      "metadata": {
        "id": "1O0UFtQa8Nvz",
        "outputId": "cf054107-a401-4746-e9df-a92264bc1214"
      },
      "outputs": [
        {
          "data": {
            "text/plain": [
              "41"
            ]
          },
          "execution_count": 5,
          "metadata": {},
          "output_type": "execute_result"
        }
      ],
      "source": [
        "n"
      ]
    },
    {
      "cell_type": "code",
      "execution_count": null,
      "metadata": {
        "id": "4ODmurgf8Nv0"
      },
      "outputs": [],
      "source": [
        "import math as m"
      ]
    },
    {
      "cell_type": "code",
      "execution_count": null,
      "metadata": {
        "id": "W7rc3L7u8Nv0"
      },
      "outputs": [],
      "source": [
        "def dist(i,j):\n",
        "    R=6400\n",
        "    if i == j:\n",
        "        return 0\n",
        "    else:\n",
        "        return R*np.arccos((m.sin(all_cit[i,1]/180)*m.sin(all_cit[j,1]/180) +\n",
        "               m.cos(all_cit[i,1]/180)*m.cos(all_cit[j,1]/180)*m.cos((all_cit[i,0]/180)-(all_cit[j,0]/180))))"
      ]
    },
    {
      "cell_type": "code",
      "execution_count": null,
      "metadata": {
        "id": "7nMaaxy48Nv1",
        "outputId": "d4bd7ede-aec7-498d-8e5a-dbfd2523aa3c"
      },
      "outputs": [
        {
          "data": {
            "text/plain": [
              "0.24755133217906583"
            ]
          },
          "execution_count": 8,
          "metadata": {},
          "output_type": "execute_result"
        }
      ],
      "source": [
        "dist(1,2)"
      ]
    },
    {
      "cell_type": "code",
      "execution_count": null,
      "metadata": {
        "id": "Ws6cx1YV8Nv2",
        "outputId": "e678f109-9961-4f93-a717-47f019596017"
      },
      "outputs": [
        {
          "data": {
            "text/plain": [
              "array([50.853865, 20.608938])"
            ]
          },
          "execution_count": 9,
          "metadata": {},
          "output_type": "execute_result"
        }
      ],
      "source": [
        "all_cit[0]"
      ]
    },
    {
      "cell_type": "code",
      "execution_count": null,
      "metadata": {
        "id": "oT8OpPSl8Nv2"
      },
      "outputs": [],
      "source": [
        "def all_dist(i,j): # funkcja odległości między wszystkimi miastami\n",
        "    return np.sqrt((all_cit[i,0]-all_cit[j,0])**2 + (all_cit[i,1]-all_cit[j,1])**2)"
      ]
    },
    {
      "cell_type": "code",
      "execution_count": null,
      "metadata": {
        "id": "4DPN0fON8Nv3",
        "outputId": "75bff3a7-8bae-4f5b-86d1-67159f102750"
      },
      "outputs": [
        {
          "data": {
            "text/plain": [
              "array([[0.  , 0.94, 0.85, ..., 2.18, 1.07, 1.06],\n",
              "       [0.94, 0.  , 0.25, ..., 2.11, 0.41, 0.51],\n",
              "       [0.85, 0.25, 0.  , ..., 1.88, 0.25, 0.31],\n",
              "       ...,\n",
              "       [2.18, 2.11, 1.88, ..., 0.  , 1.72, 1.61],\n",
              "       [1.07, 0.41, 0.25, ..., 1.72, 0.  , 0.12],\n",
              "       [1.06, 0.51, 0.31, ..., 1.61, 0.12, 0.  ]])"
            ]
          },
          "execution_count": 11,
          "metadata": {},
          "output_type": "execute_result"
        }
      ],
      "source": [
        "dt=[[dist(i,j) for i in range(n)] for j in range(n)]\n",
        "np.round(np.array(dt),2)"
      ]
    },
    {
      "cell_type": "code",
      "execution_count": null,
      "metadata": {
        "id": "9xkYeFMp8Nv3"
      },
      "outputs": [],
      "source": [
        "# konwersja tablicy odległości do słownika (potrzebne dalej dla wołania f. bibliotecznej)\n",
        "dis = {(i, j): dt[i][j] for i in range(n) for j in range(n)}"
      ]
    },
    {
      "cell_type": "code",
      "execution_count": null,
      "metadata": {
        "id": "cUKOEwoy8Nv3",
        "outputId": "8834b0f9-d432-40f9-b998-a468a32e4bce"
      },
      "outputs": [
        {
          "data": {
            "text/plain": [
              "{(0, 0): 0,\n",
              " (0, 1): 0.9419437465998142,\n",
              " (0, 2): 0.853547991901025,\n",
              " (0, 3): 1.804246227395679,\n",
              " (0, 4): 0.88020325210379,\n",
              " (0, 5): 1.0667500724848753,\n",
              " (0, 6): 0.7618096394837374,\n",
              " (0, 7): 0.5748241150315337,\n",
              " (0, 8): 0.5683030473631637,\n",
              " (0, 9): 0.6825898656992354,\n",
              " (0, 10): 0.7303823263281566,\n",
              " (0, 11): 0.63217764881181,\n",
              " (0, 12): 0.6986809727985213,\n",
              " (0, 13): 0.26756785686192236,\n",
              " (0, 14): 0.4254928767977173,\n",
              " (0, 15): 2.0476354948655136,\n",
              " (0, 16): 1.806463306027432,\n",
              " (0, 17): 1.2489372791901656,\n",
              " (0, 18): 1.8565126837692802,\n",
              " (0, 19): 1.589511070880614,\n",
              " (0, 20): 0.9938099310703972,\n",
              " (0, 21): 0.6877661345595013,\n",
              " (0, 22): 0.6162012047232939,\n",
              " (0, 23): 2.1784365813242466,\n",
              " (0, 24): 2.0841952289337873,\n",
              " (0, 25): 2.2883313418527083,\n",
              " (0, 26): 1.8465076656734247,\n",
              " (0, 27): 1.7755549714455154,\n",
              " (0, 28): 1.6539725319453105,\n",
              " (0, 29): 1.3385967763830715,\n",
              " (0, 30): 1.913097722261849,\n",
              " (0, 31): 1.6393529254976176,\n",
              " (0, 32): 1.4532662628244029,\n",
              " (0, 33): 1.6215575075162036,\n",
              " (0, 34): 0.9938099310703972,\n",
              " (0, 35): 0.6877661345595013,\n",
              " (0, 36): 0.6162012047232939,\n",
              " (0, 37): 1.0350726687572067,\n",
              " (0, 38): 2.1784365813242466,\n",
              " (0, 39): 1.069372881248404,\n",
              " (0, 40): 1.062944341543676,\n",
              " (1, 0): 0.9419437465998142,\n",
              " (1, 1): 0,\n",
              " (1, 2): 0.24755133217906583,\n",
              " (1, 3): 1.797074946800964,\n",
              " (1, 4): 0.20580391181835747,\n",
              " (1, 5): 0.7307127856831681,\n",
              " (1, 6): 0.23597275286836916,\n",
              " (1, 7): 0.43091292511789214,\n",
              " (1, 8): 0.3797354735355868,\n",
              " (1, 9): 0.3410334422150859,\n",
              " (1, 10): 0.3672596202154888,\n",
              " (1, 11): 0.4124874594219235,\n",
              " (1, 12): 0.5376932679670315,\n",
              " (1, 13): 0.7965864145638004,\n",
              " (1, 14): 1.2143116401987561,\n",
              " (1, 15): 2.0370675133665994,\n",
              " (1, 16): 1.7334549141315845,\n",
              " (1, 17): 1.3286104376039947,\n",
              " (1, 18): 1.8687445503202222,\n",
              " (1, 19): 1.2002464101138268,\n",
              " (1, 20): 0.39450021964520926,\n",
              " (1, 21): 0.3554538899000422,\n",
              " (1, 22): 0.5212640744359143,\n",
              " (1, 23): 2.1089039716863387,\n",
              " (1, 24): 1.1480129735330946,\n",
              " (1, 25): 1.3701386224547112,\n",
              " (1, 26): 1.763644708974087,\n",
              " (1, 27): 1.581450363007178,\n",
              " (1, 28): 1.271235292034133,\n",
              " (1, 29): 1.3521838322431505,\n",
              " (1, 30): 2.6452943356216205,\n",
              " (1, 31): 0.7958708500459232,\n",
              " (1, 32): 0.5689172172639916,\n",
              " (1, 33): 0.7139042805953191,\n",
              " (1, 34): 0.39450021964520926,\n",
              " (1, 35): 0.3554538899000422,\n",
              " (1, 36): 0.5212640744359143,\n",
              " (1, 37): 0.28357298531690495,\n",
              " (1, 38): 2.1089039716863387,\n",
              " (1, 39): 0.40972824324160195,\n",
              " (1, 40): 0.5083233419137658,\n",
              " (2, 0): 0.853547991901025,\n",
              " (2, 1): 0.24755133217906583,\n",
              " (2, 2): 0,\n",
              " (2, 3): 1.9856136585648543,\n",
              " (2, 4): 0.045517347579219325,\n",
              " (2, 5): 0.933957799145791,\n",
              " (2, 6): 0.36278643436995905,\n",
              " (2, 7): 0.4805731899352726,\n",
              " (2, 8): 0.3749647067775559,\n",
              " (2, 9): 0.17153756657577254,\n",
              " (2, 10): 0.14859518993458273,\n",
              " (2, 11): 0.23237448436348868,\n",
              " (2, 12): 0.3046947204632622,\n",
              " (2, 13): 0.6531601981610643,\n",
              " (2, 14): 1.0513547119502915,\n",
              " (2, 15): 1.7996580959152155,\n",
              " (2, 16): 1.4985348126397071,\n",
              " (2, 17): 1.0812965487403519,\n",
              " (2, 18): 1.6282487092703217,\n",
              " (2, 19): 1.0022783465588623,\n",
              " (2, 20): 0.617906984215605,\n",
              " (2, 21): 0.4606402634431275,\n",
              " (2, 22): 0.3129175031307743,\n",
              " (2, 23): 1.8775643581672374,\n",
              " (2, 24): 1.3110641355697088,\n",
              " (2, 25): 1.5547363819100153,\n",
              " (2, 26): 1.9638178933748758,\n",
              " (2, 27): 1.7947915845940905,\n",
              " (2, 28): 1.5028200171834503,\n",
              " (2, 29): 1.5248825581667758,\n",
              " (2, 30): 2.4336484327461934,\n",
              " (2, 31): 0.788135617688316,\n",
              " (2, 32): 0.6018090198894772,\n",
              " (2, 33): 0.7739676575523463,\n",
              " (2, 34): 0.617906984215605,\n",
              " (2, 35): 0.4606402634431275,\n",
              " (2, 36): 0.3129175031307743,\n",
              " (2, 37): 0.1819674322885032,\n",
              " (2, 38): 1.8775643581672374,\n",
              " (2, 39): 0.24986085091852367,\n",
              " (2, 40): 0.30957302471766357,\n",
              " (3, 0): 1.804246227395679,\n",
              " (3, 1): 1.797074946800964,\n",
              " (3, 2): 1.9856136585648543,\n",
              " (3, 3): 0,\n",
              " (3, 4): 1.9627703986012786,\n",
              " (3, 5): 1.0679023832488228,\n",
              " (3, 6): 1.6231451318761445,\n",
              " (3, 7): 1.56502427340594,\n",
              " (3, 8): 1.6873038393848794,\n",
              " (3, 9): 1.9322925934226691,\n",
              " (3, 10): 2.007684248348126,\n",
              " (3, 11): 1.9605497527689026,\n",
              " (3, 12): 2.1344420909598583,\n",
              " (3, 13): 1.967743855407782,\n",
              " (3, 14): 2.2181807748043605,\n",
              " (3, 15): 3.725118933222126,\n",
              " (3, 16): 3.4411580300902362,\n",
              " (3, 17): 2.935828292483399,\n",
              " (3, 18): 3.5400793199837604,\n",
              " (3, 19): 2.987016507206337,\n",
              " (3, 20): 1.4109798953774024,\n",
              " (3, 21): 1.537610366890284,\n",
              " (3, 22): 2.0555798102670346,\n",
              " (3, 23): 3.826245082295622,\n",
              " (3, 24): 2.2343240465504777,\n",
              " (3, 25): 2.2216618397051016,\n",
              " (3, 26): 0.1450995649796936,\n",
              " (3, 27): 0.36932574282878755,\n",
              " (3, 28): 0.7486749326444255,\n",
              " (3, 29): 0.47894186925091264,\n",
              " (3, 30): 3.612803977466223,\n",
              " (3, 31): 2.4832527557790445,\n",
              " (3, 32): 2.2497374118769047,\n",
              " (3, 33): 2.308782089280888,\n",
              " (3, 34): 1.4109798953774024,\n",
              " (3, 35): 1.537610366890284,\n",
              " (3, 36): 2.0555798102670346,\n",
              " (3, 37): 2.0801785693185186,\n",
              " (3, 38): 3.826245082295622,\n",
              " (3, 39): 2.2034200914254645,\n",
              " (3, 40): 2.290593327593163,\n",
              " (4, 0): 0.88020325210379,\n",
              " (4, 1): 0.20580391181835747,\n",
              " (4, 2): 0.045517347579219325,\n",
              " (4, 3): 1.9627703986012786,\n",
              " (4, 4): 0,\n",
              " (4, 5): 0.9063188668438468,\n",
              " (4, 6): 0.34338751821954133,\n",
              " (4, 7): 0.4785075305193554,\n",
              " (4, 8): 0.38021972424203737,\n",
              " (4, 9): 0.20319440735899483,\n",
              " (4, 10): 0.19100922879138973,\n",
              " (4, 11): 0.26873775700639985,\n",
              " (4, 12): 0.3500476096294073,\n",
              " (4, 13): 0.6877893288799395,\n",
              " (4, 14): 1.0900406420562705,\n",
              " (4, 15): 1.8353403560076784,\n",
              " (4, 16): 1.533123393990605,\n",
              " (4, 17): 1.1230098577828755,\n",
              " (4, 18): 1.665289763530036,\n",
              " (4, 19): 1.0242676743607937,\n",
              " (4, 20): 0.5844820454661688,\n",
              " (4, 21): 0.44798185881578906,\n",
              " (4, 22): 0.35549309959223535,\n",
              " (4, 23): 1.9108689698760666,\n",
              " (4, 24): 1.2693886155975571,\n",
              " (4, 25): 1.51135274000953,\n",
              " (4, 26): 1.9381639863731723,\n",
              " (4, 27): 1.7656920235819793,\n",
              " (4, 28): 1.4683691242643746,\n",
              " (4, 29): 1.5052075036143964,\n",
              " (4, 30): 2.4782782457525783,\n",
              " (4, 31): 0.7674560494020671,\n",
              " (4, 32): 0.5730696260851509,\n",
              " (4, 33): 0.7428111830728558,\n",
              " (4, 34): 0.5844820454661688,\n",
              " (4, 35): 0.44798185881578906,\n",
              " (4, 36): 0.35549309959223535,\n",
              " (4, 37): 0.16385287664799575,\n",
              " (4, 38): 1.9108689698760666,\n",
              " (4, 39): 0.2536836064246833,\n",
              " (4, 40): 0.3279922651322304,\n",
              " (5, 0): 1.0667500724848753,\n",
              " (5, 1): 0.7307127856831681,\n",
              " (5, 2): 0.933957799145791,\n",
              " (5, 3): 1.0679023832488228,\n",
              " (5, 4): 0.9063188668438468,\n",
              " (5, 5): 0,\n",
              " (5, 6): 0.5800823729421373,\n",
              " (5, 7): 0.5933039401762437,\n",
              " (5, 8): 0.6998998658688934,\n",
              " (5, 9): 0.9118380727374857,\n",
              " (5, 10): 0.9811402906307798,\n",
              " (5, 11): 0.9556238617524889,\n",
              " (5, 12): 1.130242859751646,\n",
              " (5, 13): 1.109036802803197,\n",
              " (5, 14): 1.4781695796469516,\n",
              " (5, 15): 2.7186082132019886,\n",
              " (5, 16): 2.423046267382065,\n",
              " (5, 17): 1.958127001552942,\n",
              " (5, 18): 2.540535397017952,\n",
              " (5, 19): 1.9277308052844149,\n",
              " (5, 20): 0.3436851575974262,\n",
              " (5, 21): 0.5234383424222285,\n",
              " (5, 22): 1.065318701115031,\n",
              " (5, 23): 2.8053685567704503,\n",
              " (5, 24): 1.396094280699325,\n",
              " (5, 25): 1.4972288591840337,\n",
              " (5, 26): 1.033467055610226,\n",
              " (5, 27): 0.8617886027009289,\n",
              " (5, 28): 0.6144717374323441,\n",
              " (5, 29): 0.6424190594192786,\n",
              " (5, 30): 2.977165083640985,\n",
              " (5, 31): 1.4381885898734081,\n",
              " (5, 32): 1.200833274199916,\n",
              " (5, 33): 1.2840996523430361,\n",
              " (5, 34): 0.3436851575974262,\n",
              " (5, 35): 0.5234383424222285,\n",
              " (5, 36): 1.065318701115031,\n",
              " (5, 37): 1.0142713611848961,\n",
              " (5, 38): 2.8053685567704503,\n",
              " (5, 39): 1.139319815088728,\n",
              " (5, 40): 1.2315413426072999,\n",
              " (6, 0): 0.7618096394837374,\n",
              " (6, 1): 0.23597275286836916,\n",
              " (6, 2): 0.36278643436995905,\n",
              " (6, 3): 1.6231451318761445,\n",
              " (6, 4): 0.34338751821954133,\n",
              " (6, 5): 0.5800823729421373,\n",
              " (6, 6): 0,\n",
              " (6, 7): 0.20515970683093135,\n",
              " (6, 8): 0.2018916590058349,\n",
              " (6, 9): 0.33632266872139444,\n",
              " (6, 10): 0.4021193624672327,\n",
              " (6, 11): 0.38910529193855836,\n",
              " (6, 12): 0.5584819884417265,\n",
              " (6, 13): 0.6707025493984845,\n",
              " (6, 14): 1.0884827571895805,\n",
              " (6, 15): 2.1390320715707145,\n",
              " (6, 16): 1.8429675665395888,\n",
              " (6, 17): 1.3870915050093202,\n",
              " (6, 18): 1.9619662447253428,\n",
              " (6, 19): 1.365040801755774,\n",
              " (6, 20): 0.3043140224976858,\n",
              " (6, 21): 0.11955284205225122,\n",
              " (6, 22): 0.5047578518091034,\n",
              " (6, 23): 2.225365779453793,\n",
              " (6, 24): 1.3281551503224398,\n",
              " (6, 25): 1.526549335701531,\n",
              " (6, 26): 1.6037437891317958,\n",
              " (6, 27): 1.4415452418943182,\n",
              " (6, 28): 1.1720569330220842,\n",
              " (6, 29): 1.1624279455860826,\n",
              " (6, 30): 2.5637968778319395,\n",
              " (6, 31): 1.0314938595892198,\n",
              " (6, 32): 0.8047227757604725,\n",
              " (6, 33): 0.9461467210315523,\n",
              " (6, 34): 0.3043140224976858,\n",
              " (6, 35): 0.11955284205225122,\n",
              " (6, 36): 0.5047578518091034,\n",
              " (6, 37): 0.4829533291706745,\n",
              " (6, 38): 2.225365779453793,\n",
              " (6, 39): 0.5939432729797937,\n",
              " (6, 40): 0.6705425523368003,\n",
              " (7, 0): 0.5748241150315337,\n",
              " (7, 1): 0.43091292511789214,\n",
              " (7, 2): 0.4805731899352726,\n",
              " (7, 3): 1.56502427340594,\n",
              " (7, 4): 0.4785075305193554,\n",
              " (7, 5): 0.5933039401762437,\n",
              " (7, 6): 0.20515970683093135,\n",
              " (7, 7): 0,\n",
              " (7, 8): 0.12293328039076103,\n",
              " (7, 9): 0.37691421777465595,\n",
              " (7, 10): 0.4545881176604006,\n",
              " (7, 11): 0.39637769039909987,\n",
              " (7, 12): 0.5694399806639021,\n",
              " (7, 13): 0.5336380231400087,\n",
              " (7, 14): 0.935682989680142,\n",
              " (7, 15): 2.162029019882846,\n",
              " (7, 16): 1.8761622120329862,\n",
              " (7, 17): 1.3820627491008837,\n",
              " (7, 18): 1.978705799863017,\n",
              " (7, 19): 1.4580497637946528,\n",
              " (7, 20): 0.42563048872628717,\n",
              " (7, 21): 0.11294978966821202,\n",
              " (7, 22): 0.49175326307842476,\n",
              " (7, 23): 2.261229489222073,\n",
              " (7, 24): 1.529394145511308,\n",
              " (7, 25): 1.7204384606821148,\n",
              " (7, 26): 1.5637695501879818,\n",
              " (7, 27): 1.4278981368213535,\n",
              " (7, 28): 1.2075560009525426,\n",
              " (7, 29): 1.0902110107990073,\n",
              " (7, 30): 2.429839391612181,\n",
              " (7, 31): 1.2171431856653525,\n",
              " (7, 32): 0.9968448212833556,\n",
              " (7, 33): 1.1448146117170666,\n",
              " (7, 34): 0.42563048872628717,\n",
              " (7, 35): 0.11294978966821202,\n",
              " (7, 36): 0.49175326307842476,\n",
              " (7, 37): 0.6374926903981196,\n",
              " (7, 38): 2.261229489222073,\n",
              " (7, 39): 0.7296248455491835,\n",
              " (7, 40): 0.7839122368317608,\n",
              " (8, 0): 0.5683030473631637,\n",
              " (8, 1): 0.3797354735355868,\n",
              " (8, 2): 0.3749647067775559,\n",
              " (8, 3): 1.6873038393848794,\n",
              " (8, 4): 0.38021972424203737,\n",
              " (8, 5): 0.6998998658688934,\n",
              " (8, 6): 0.2018916590058349,\n",
              " (8, 7): 0.12293328039076103,\n",
              " (8, 8): 0,\n",
              " (8, 9): 0.2558942600109411,\n",
              " (8, 10): 0.33362879460359335,\n",
              " (8, 11): 0.273545714256364,\n",
              " (8, 12): 0.44724067789930533,\n",
              " (8, 13): 0.47040336345551736,\n",
              " (8, 14): 0.8869244366949688,\n",
              " (8, 15): 2.0410276058771757,\n",
              " (8, 16): 1.7541023037988681,\n",
              " (8, 17): 1.2644614469394981,\n",
              " (8, 18): 1.8583461307651021,\n",
              " (8, 19): 1.3378504663002218,\n",
              " (8, 20): 0.48621986804075606,\n",
              " (8, 21): 0.1807087765656197,\n",
              " (8, 22): 0.37167145024390275,\n",
              " (8, 23): 2.1391029219074538,\n",
              " (8, 24): 1.5159364198899759,\n",
              " (8, 25): 1.722479866423801,\n",
              " (8, 26): 1.6844311693226532,\n",
              " (8, 27): 1.5444498047408313,\n",
              " (8, 28): 1.3114693193969118,\n",
              " (8, 29): 1.2129514091384606,\n",
              " (8, 30): 2.366955757856632,\n",
              " (8, 31): 1.1384299895888033,\n",
              " (8, 32): 0.927369009742,\n",
              " (8, 33): 1.084433906495972,\n",
              " (8, 34): 0.48621986804075606,\n",
              " (8, 35): 0.1807087765656197,\n",
              " (8, 36): 0.37167145024390275,\n",
              " (8, 37): 0.5433864030045482,\n",
              " (8, 38): 2.1391029219074538,\n",
              " (8, 39): 0.6246445344083627,\n",
              " (8, 40): 0.6706179072659755,\n",
              " (9, 0): 0.6825898656992354,\n",
              " (9, 1): 0.3410334422150859,\n",
              " (9, 2): 0.17153756657577254,\n",
              " (9, 3): 1.9322925934226691,\n",
              " (9, 4): 0.20319440735899483,\n",
              " (9, 5): 0.9118380727374857,\n",
              " (9, 6): 0.33632266872139444,\n",
              " (9, 7): 0.37691421777465595,\n",
              " (9, 8): 0.2558942600109411,\n",
              " (9, 9): 0,\n",
              " (9, 10): 0.07774844121397446,\n",
              " (9, 11): 0.07176594082071822,\n",
              " (9, 12): 0.22266920893872505,\n",
              " (9, 13): 0.4847537714850602,\n",
              " (9, 14): 0.8906024135396002,\n",
              " (9, 15): 1.8078083008188552,\n",
              " (9, 16): 1.5150821722461663,\n",
              " (9, 17): 1.0507711429164144,\n",
              " (9, 18): 1.6288083277344254,\n",
              " (9, 19): 1.0819617837989324,\n",
              " (9, 20): 0.6341175237298315,\n",
              " (9, 21): 0.39648718102287295,\n",
              " (9, 22): 0.18297014103954745,\n",
              " (9, 23): 1.8990780879013367,\n",
              " (9, 24): 1.4649074387555232,\n",
              " (9, 25): 1.699940018945411,\n",
              " (9, 26): 1.9226889414596202,\n",
              " (9, 27): 1.7704738689432995,\n",
              " (9, 28): 1.5083730038897125,\n",
              " (9, 29): 1.4612874495413013,\n",
              " (9, 30): 2.3043419185841505,\n",
              " (9, 31): 0.9573900704913081,\n",
              " (9, 32): 0.7732631717721838,\n",
              " (9, 33): 0.9448327827313365,\n",
              " (9, 34): 0.6341175237298315,\n",
              " (9, 35): 0.39648718102287295,\n",
              " (9, 36): 0.18297014103954745,\n",
              " (9, 37): 0.3525074543406188,\n",
              " (9, 38): 1.8990780879013367,\n",
              " (9, 39): 0.39872339653876443,\n",
              " (9, 40): 0.42440637264214326,\n",
              " (10, 0): 0.7303823263281566,\n",
              " (10, 1): 0.3672596202154888,\n",
              " (10, 2): 0.14859518993458273,\n",
              " (10, 3): 2.007684248348126,\n",
              " (10, 4): 0.19100922879138973,\n",
              " (10, 5): 0.9811402906307798,\n",
              " (10, 6): 0.4021193624672327,\n",
              " (10, 7): 0.4545881176604006,\n",
              " (10, 8): 0.33362879460359335,\n",
              " (10, 9): 0.07774844121397446,\n",
              " (10, 10): 0,\n",
              " (10, 11): 0.09839936544780276,\n",
              " (10, 12): 0.1712379531675181,\n",
              " (10, 13): 0.5133703343552039,\n",
              " (10, 14): 0.9045182267655658,\n",
              " (10, 15): 1.7374700074443237,\n",
              " (10, 16): 1.4429501793373034,\n",
              " (10, 17): 0.988764845715065,\n",
              " (10, 18): 1.5598852962254721,\n",
              " (10, 19): 1.0042482094165452,\n",
              " (10, 20): 0.6927195949982986,\n",
              " (10, 21): 0.47056865284393296,\n",
              " (10, 22): 0.1645171674784138,\n",
              " (10, 23): 1.8263826780295214,\n",
              " (10, 24): 1.4596405883616554,\n",
              " (10, 25): 1.7023465178488157,\n",
              " (10, 26): 1.9964773270104905,\n",
              " (10, 27): 1.8413845650413068,\n",
              " (10, 28): 1.572508306642587,\n",
              " (10, 29): 1.5375630876630881,\n",
              " (10, 30): 2.2889996181500294,\n",
              " (10, 31): 0.9108977544309689,\n",
              " (10, 32): 0.7392612403275871,\n",
              " (10, 33): 0.9140098689412214,\n",
              " (10, 34): 0.6927195949982986,\n",
              " (10, 35): 0.47056865284393296,\n",
              " (10, 36): 0.1645171674784138,\n",
              " (10, 37): 0.31497311643565684,\n",
              " (10, 38): 1.8263826780295214,\n",
              " (10, 39): 0.33980077012518173,\n",
              " (10, 40): 0.353051635953154,\n",
              " (11, 0): 0.63217764881181,\n",
              " (11, 1): 0.4124874594219235,\n",
              " (11, 2): 0.23237448436348868,\n",
              " (11, 3): 1.9605497527689026,\n",
              " (11, 4): 0.26873775700639985,\n",
              " (11, 5): 0.9556238617524889,\n",
              " (11, 6): 0.38910529193855836,\n",
              " (11, 7): 0.39637769039909987,\n",
              " (11, 8): 0.273545714256364,\n",
              " (11, 9): 0.07176594082071822,\n",
              " (11, 10): 0.09839936544780276,\n",
              " (11, 11): 0,\n",
              " (11, 12): 0.17564022120349265,\n",
              " (11, 13): 0.420911784517559,\n",
              " (11, 14): 0.8217250843246836,\n",
              " (11, 15): 1.7703063969699944,\n",
              " (11, 16): 1.4814551617440106,\n",
              " (11, 17): 1.0026297769012804,\n",
              " (11, 18): 1.5890325232739648,\n",
              " (11, 19): 1.0766537325995045,\n",
              " (11, 20): 0.6914629428893749,\n",
              " (11, 21): 0.43389838027483046,\n",
              " (11, 22): 0.11694726590432214,\n",
              " (11, 23): 1.8663031957675162,\n",
              " (11, 24): 1.5348663776388063,\n",
              " (11, 25): 1.7711436061846018,\n",
              " (11, 26): 1.9557850279058504,\n",
              " (11, 27): 1.8100571013611015,\n",
              " (11, 28): 1.5582346997714331,\n",
              " (11, 29): 1.4864951246834457,\n",
              " (11, 30): 2.2328084298473363,\n",
              " (11, 31): 1.00821751978919,\n",
              " (11, 32): 0.8321554926925623,\n",
              " (11, 33): 1.005568296336214,\n",
              " (11, 34): 0.6914629428893749,\n",
              " (11, 35): 0.43389838027483046,\n",
              " (11, 36): 0.11694726590432214,\n",
              " (11, 37): 0.4084126711969125,\n",
              " (11, 38): 1.8663031957675162,\n",
              " (11, 39): 0.43817609236609034,\n",
              " (11, 40): 0.44656050130848235,\n",
              " (12, 0): 0.6986809727985213,\n",
              " (12, 1): 0.5376932679670315,\n",
              " (12, 2): 0.3046947204632622,\n",
              " (12, 3): 2.1344420909598583,\n",
              " (12, 4): 0.3500476096294073,\n",
              " (12, 5): 1.130242859751646,\n",
              " (12, 6): 0.5584819884417265,\n",
              " (12, 7): 0.5694399806639021,\n",
              " (12, 8): 0.44724067789930533,\n",
              " (12, 9): 0.22266920893872505,\n",
              " (12, 10): 0.1712379531675181,\n",
              " (12, 11): 0.17564022120349265,\n",
              " (12, 12): 0,\n",
              " (12, 13): 0.44675499113261596,\n",
              " (12, 14): 0.7927564194458342,\n",
              " (12, 15): 1.594794568016968,\n",
              " (12, 16): 1.306861629753241,\n",
              " (12, 17): 0.8290739688292356,\n",
              " (12, 18): 1.4133923148660168,\n",
              " (12, 19): 0.9291683131902234,\n",
              " (12, 20): 0.8565927826980914,\n",
              " (12, 21): 0.6093718297133317,\n",
              " (12, 22): 0.09120362996257718,\n",
              " (12, 23): 1.6918709784161816,\n",
              " (12, 24): 1.6035005639132123,\n",
              " (12, 25): 1.8537304104069137,\n",
              " (12, 26): 2.1309925659086693,\n",
              " (12, 27): 1.9856157770085914,\n",
              " (12, 28): 1.7302075177572769,\n",
              " (12, 29): 1.6593845347909104,\n",
              " (12, 30): 2.1309997957857902,\n",
              " (12, 31): 0.9902908007279299,\n",
              " (12, 32): 0.8480353931790424,\n",
              " (12, 33): 1.0253600028661167,\n",
              " (12, 34): 0.8565927826980914,\n",
              " (12, 35): 0.6093718297133317,\n",
              " (12, 36): 0.09120362996257718,\n",
              " (12, 37): 0.43617141198805043,\n",
              " (12, 38): 1.6918709784161816,\n",
              " (12, 39): 0.412443314908205,\n",
              " (12, 40): 0.37460864927066306,\n",
              " (13, 0): 0.26756785686192236,\n",
              " (13, 1): 0.7965864145638004,\n",
              " (13, 2): 0.6531601981610643,\n",
              " (13, 3): 1.967743855407782,\n",
              " (13, 4): 0.6877893288799395,\n",
              " (13, 5): 1.109036802803197,\n",
              " (13, 6): 0.6707025493984845,\n",
              " (13, 7): 0.5336380231400087,\n",
              " (13, 8): 0.47040336345551736,\n",
              " (13, 9): 0.4847537714850602,\n",
              " (13, 10): 0.5133703343552039,\n",
              " (13, 11): 0.420911784517559,\n",
              " (13, 12): 0.44675499113261596,\n",
              " (13, 13): 0,\n",
              " (13, 14): 0.42025184254109155,\n",
              " (13, 15): 1.8111492315134616,\n",
              " (13, 16): 1.5584135726596056,\n",
              " (13, 17): 1.0085213898759922,\n",
              " (13, 18): 1.6205527548228367,\n",
              " (13, 19): 1.3220110752719294,\n",
              " (13, 20): 0.9519530125180519,\n",
              " (13, 21): 0.6364347964675311,\n",
              " (13, 22): 0.37345039949812137,\n",
              " (13, 23): 1.935492029747448,\n",
              " (13, 24): 1.9417135866835484,\n",
              " (13, 25): 2.1664681470603258,\n",
              " (13, 26): 1.9938601342624076,\n",
              " (13, 27): 1.8944148179493148,\n",
              " (13, 28): 1.7201156473449566,\n",
              " (13, 29): 1.491379244022666,\n",
              " (13, 30): 1.8985836456021796,\n",
              " (13, 31): 1.4201315096786569,\n",
              " (13, 32): 1.2523572783462777,\n",
              " (13, 33): 1.4263415497621388,\n",
              " (13, 34): 0.9519530125180519,\n",
              " (13, 35): 0.6364347964675311,\n",
              " (13, 36): 0.37345039949812137,\n",
              " (13, 37): 0.828101142833552,\n",
              " (13, 38): 1.935492029747448,\n",
              " (13, 39): 0.8413912337025548,\n",
              " (13, 40): 0.8196401118844376,\n",
              " (14, 0): 0.4254928767977173,\n",
              " (14, 1): 1.2143116401987561,\n",
              " (14, 2): 1.0513547119502915,\n",
              " (14, 3): 2.2181807748043605,\n",
              " (14, 4): 1.0900406420562705,\n",
              " (14, 5): 1.4781695796469516,\n",
              " (14, 6): 1.0884827571895805,\n",
              " (14, 7): 0.935682989680142,\n",
              " (14, 8): 0.8869244366949688,\n",
              " (14, 9): 0.8906024135396002,\n",
              " (14, 10): 0.9045182267655658,\n",
              " (14, 11): 0.8217250843246836,\n",
              " (14, 12): 0.7927564194458342,\n",
              " (14, 13): 0.42025184254109155,\n",
              " (14, 14): 0,\n",
              " (14, 15): 1.7689180574349754,\n",
              " (14, 16): 1.5680512531314874,\n",
              " (14, 17): 1.0100016302605124,\n",
              " (14, 18): 1.5806549555506841,\n",
              " (14, 19): 1.5107073275997611,\n",
              " (14, 20): 1.3604826523851317,\n",
              " (14, 21): 1.0442463695656667,\n",
              " (14, 22): 0.7455906014215272,\n",
              " (14, 23): 1.9152077004486772,\n",
              " (14, 24): 2.3550009738676247,\n",
              " (14, 25): 2.5843792512539454,\n",
              " (14, 26): 2.2661910864139774,\n",
              " (14, 27): 2.2005581220733865,\n",
              " (14, 28): 2.074677106252393,\n",
              " (14, 29): 1.758428428701762,\n",
              " (14, 30): 1.5002822317449238,\n",
              " (14, 31): 1.7819217062689952,\n",
              " (14, 32): 1.6369400513696897,\n",
              " (14, 33): 1.813652152583572,\n",
              " (14, 34): 1.3604826523851317,\n",
              " (14, 35): 1.0442463695656667,\n",
              " (14, 36): 0.7455906014215272,\n",
              " (14, 37): 1.2158701991312784,\n",
